4.72 2.07 9.56 8.96 4.42 3.66 7.66 4.13 2.53 8.63 1.21 5.03 8.39 6.14 2.76 5.60 8.71 4.32 9.83 3.90 2.76 5.60 0.41 
4.43 3.49 5.03 7.33 4.33 4.20 4.02 5.27 2.54 5.83 1.47 5.13 7.28 5.93 2.76 5.60 5.27 5.36 9.19 4.96 2.54 5.83 0.14 
2.92 4.10 3.76 7.19 2.84 5.81 2.66 5.54 2.54 5.83 2.04 5.63 6.29 5.92 2.73 5.61 2.56 5.70 6.86 5.68 2.54 5.83 0.77 
2.81 5.74 2.68 6.49 2.68 5.81 2.55 5.57 2.54 5.83 2.44 5.66 4.17 5.88 2.71 5.74 2.56 5.76 5.03 5.74 2.44 5.66 0.64 
2.66 5.67 2.64 5.98 2.45 5.70 2.45 5.58 2.52 5.71 2.44 5.66 2.59 5.75 2.48 5.70 2.49 5.76 4.31 5.68 2.44 5.66 0.29 0 
8.62 4.94 2.47 5.94 2.45 5.68 2.45 5.61 2.51 5.67 2.44 5.66 2.56 5.70 2.47 5.68 2.46 5.69 2.64 5.68 2.47 5.94 0.11 6 
2.67 5.61 2.47 5.94 2.46 5.70 2.46 5.81 2.47 5.69 2.46 5.74 4.75 3.98 2.47 5.89 2.46 5.72 2.53 5.84 2.47 5.94 0.13 3 
2.56 5.71 2.47 5.94 2.47 5.77 3.97 6.33 2.47 5.76 2.47 5.86 3.16 4.44 2.47 5.91 2.46 5.80 2.48 5.85 2.47 5.94 0.19 0 7 
2.51 3.03 2.47 5.94 2.47 5.83 2.66 5.99 2.47 5.77 2.47 5.88 2.52 5.75 7.06 5.40 2.46 5.90 2.47 5.91 2.47 5.94 0.26 
2.50 5.87 2.47 5.94 2.47 5.83 2.58 5.97 2.47 5.80 2.47 5.90 2.52 5.85 6.75 5.56 2.47 5.91 2.47 5.93 2.47 5.94 0.15 2 
2.48 5.93 2.47 5.94 4.58 9.38 2.48 5.95 2.47 5.81 2.47 5.93 2.50 5.89 4.74 5.81 2.47 5.92 2.47 5.93 2.47 5.94 0.48 0 3 9 
4.68 3.50 2.47 5.94 3.04 9.04 9.41 3.37 2.47 5.92 2.47 5.93 2.49 5.91 3.89 5.93 2.47 5.94 9.88 3.95 2.47 5.94 0.16 5 8 
3.40 3.53 2.47 5.94 2.82 8.53 5.49 4.39 2.47 5.92 2.28 5.29 2.48 5.92 3.10 5.94 9.86 4.37 6.93 4.47 2.28 5.29 0.27 
3.05 4.05 2.30 5.61 2.29 8.21 3.59 4.91 2.29 5.65 2.28 5.29 2.32 5.33 2.62 5.81 5.44 4.55 3.50 4.71 2.28 5.29 0.51 
2.37 4.44 2.29 5.34 2.29 6.14 2.42 5.08 2.29 5.54 2.28 5.29 2.31 5.32 2.31 5.44 5.00 4.93 2.94 5.04 2.31 5.32 0.99 1 
2.35 5.11 4.67 1.18 2.29 5.67 2.39 5.25 2.30 5.36 2.28 5.31 2.31 5.32 2.31 5.44 4.23 5.06 2.82 5.16 2.31 5.32 0.10 
2.32 5.30 3.84 4.54 2.29 5.37 2.35 5.27 2.30 5.33 2.29 5.31 2.31 5.32 2.31 5.40 3.61 5.15 2.44 5.20 2.31 5.32 0.38 0 
6.62 7.97 2.31 5.23 2.29 5.36 2.33 5.31 2.30 5.32 2.30 5.32 2.31 5.32 2.31 5.33 2.69 5.24 2.42 5.23 2.31 5.32 0.45 3 4 5 7 
5.04 5.92 2.31 5.25 2.30 5.35 5.88 1.60 6.50 4.50 1.40 4.01 2.31 5.32 6.44 6.14 2.57 5.28 2.31 5.32 2.31 5.32 0.43 9 
4.76 5.70 2.31 5.27 2.30 5.34 3.05 3.96 3.58 4.57 2.24 5.17 2.31 5.32 2.90 5.46 2.40 5.31 3.88 4.33 2.31 5.32 0.19 2 
2.306915644438754 5.321050904763953
